  0.000000000000000E+000  0.000000000000000E+000  0.000000000000000E+000
   2.65750005497830        2.65750005497830       0.000000000000000E+000
  0.000000000000000E+000   2.65750005497830        2.65750005497830     
   2.65750005497830       0.000000000000000E+000   2.65750005497830     
  0.000000000000000E+000  0.000000000000000E+000   5.31500010995660     
   2.65750005497830        2.65750005497830        5.31500010995660     
  0.000000000000000E+000   2.65750005497830        7.97250016493490     
   2.65750005497830       0.000000000000000E+000   7.97250016493490     
  0.000000000000000E+000  0.000000000000000E+000   10.6300002199132     
   2.65750005497830        2.65750005497830        10.6300002199132     
  0.000000000000000E+000   2.65750005497830        13.2875002748915     
   2.65750005497830       0.000000000000000E+000   13.2875002748915     
  0.000000000000000E+000  0.000000000000000E+000   15.9450003298698     
   2.65750005497830        2.65750005497830        15.9450003298698     
  0.000000000000000E+000   2.65750005497830        18.6025003848481     
   2.65750005497830       0.000000000000000E+000   18.6025003848481     
  0.000000000000000E+000  0.000000000000000E+000   21.2600004398264     
   2.65750005497830        2.65750005497830        21.2600004398264     
  0.000000000000000E+000   2.65750005497830        23.9175004948047     
   2.65750005497830       0.000000000000000E+000   23.9175004948047     
  0.000000000000000E+000   5.31500010995660       0.000000000000000E+000
   2.65750005497830        7.97250016493490       0.000000000000000E+000
  0.000000000000000E+000   7.97250016493490        2.65750005497830     
   2.65750005497830        5.31500010995660        2.65750005497830     
  0.000000000000000E+000   5.31500010995660        5.31500010995660     
   2.65750005497830        7.97250016493490        5.31500010995660     
  0.000000000000000E+000   7.97250016493490        7.97250016493490     
   2.65750005497830        5.31500010995660        7.97250016493490     
  0.000000000000000E+000   5.31500010995660        10.6300002199132     
   2.65750005497830        7.97250016493490        10.6300002199132     
  0.000000000000000E+000   7.97250016493490        13.2875002748915     
   2.65750005497830        5.31500010995660        13.2875002748915     
  0.000000000000000E+000   5.31500010995660        15.9450003298698     
   2.65750005497830        7.97250016493490        15.9450003298698     
  0.000000000000000E+000   7.97250016493490        18.6025003848481     
   2.65750005497830        5.31500010995660        18.6025003848481     
  0.000000000000000E+000   5.31500010995660        21.2600004398264     
   2.65750005497830        7.97250016493490        21.2600004398264     
  0.000000000000000E+000   7.97250016493490        23.9175004948047     
   2.65750005497830        5.31500010995660        23.9175004948047     
  0.000000000000000E+000   10.6300002199132       0.000000000000000E+000
   2.65750005497830        13.2875002748915       0.000000000000000E+000
  0.000000000000000E+000   13.2875002748915        2.65750005497830     
   2.65750005497830        10.6300002199132        2.65750005497830     
  0.000000000000000E+000   10.6300002199132        5.31500010995660     
   2.65750005497830        13.2875002748915        5.31500010995660     
  0.000000000000000E+000   13.2875002748915        7.97250016493490     
   2.65750005497830        10.6300002199132        7.97250016493490     
  0.000000000000000E+000   10.6300002199132        10.6300002199132     
   2.65750005497830        13.2875002748915        10.6300002199132     
  0.000000000000000E+000   13.2875002748915        13.2875002748915     
   2.65750005497830        10.6300002199132        13.2875002748915     
  0.000000000000000E+000   10.6300002199132        15.9450003298698     
   2.65750005497830        13.2875002748915        15.9450003298698     
  0.000000000000000E+000   13.2875002748915        18.6025003848481     
   2.65750005497830        10.6300002199132        18.6025003848481     
  0.000000000000000E+000   10.6300002199132        21.2600004398264     
   2.65750005497830        13.2875002748915        21.2600004398264     
  0.000000000000000E+000   13.2875002748915        23.9175004948047     
   2.65750005497830        10.6300002199132        23.9175004948047     
  0.000000000000000E+000   15.9450003298698       0.000000000000000E+000
   2.65750005497830        18.6025003848481       0.000000000000000E+000
  0.000000000000000E+000   18.6025003848481        2.65750005497830     
   2.65750005497830        15.9450003298698        2.65750005497830     
  0.000000000000000E+000   15.9450003298698        5.31500010995660     
   2.65750005497830        18.6025003848481        5.31500010995660     
  0.000000000000000E+000   18.6025003848481        7.97250016493490     
   2.65750005497830        15.9450003298698        7.97250016493490     
  0.000000000000000E+000   15.9450003298698        10.6300002199132     
   2.65750005497830        18.6025003848481        10.6300002199132     
  0.000000000000000E+000   18.6025003848481        13.2875002748915     
   2.65750005497830        15.9450003298698        13.2875002748915     
  0.000000000000000E+000   15.9450003298698        15.9450003298698     
   2.65750005497830        18.6025003848481        15.9450003298698     
  0.000000000000000E+000   18.6025003848481        18.6025003848481     
   2.65750005497830        15.9450003298698        18.6025003848481     
  0.000000000000000E+000   15.9450003298698        21.2600004398264     
   2.65750005497830        18.6025003848481        21.2600004398264     
  0.000000000000000E+000   18.6025003848481        23.9175004948047     
   2.65750005497830        15.9450003298698        23.9175004948047     
  0.000000000000000E+000   21.2600004398264       0.000000000000000E+000
   2.65750005497830        23.9175004948047       0.000000000000000E+000
  0.000000000000000E+000   23.9175004948047        2.65750005497830     
   2.65750005497830        21.2600004398264        2.65750005497830     
  0.000000000000000E+000   21.2600004398264        5.31500010995660     
   2.65750005497830        23.9175004948047        5.31500010995660     
  0.000000000000000E+000   23.9175004948047        7.97250016493490     
   2.65750005497830        21.2600004398264        7.97250016493490     
  0.000000000000000E+000   21.2600004398264        10.6300002199132     
   2.65750005497830        23.9175004948047        10.6300002199132     
  0.000000000000000E+000   23.9175004948047        13.2875002748915     
   2.65750005497830        21.2600004398264        13.2875002748915     
  0.000000000000000E+000   21.2600004398264        15.9450003298698     
   2.65750005497830        23.9175004948047        15.9450003298698     
  0.000000000000000E+000   23.9175004948047        18.6025003848481     
   2.65750005497830        21.2600004398264        18.6025003848481     
  0.000000000000000E+000   21.2600004398264        21.2600004398264     
   2.65750005497830        23.9175004948047        21.2600004398264     
  0.000000000000000E+000   23.9175004948047        23.9175004948047     
   2.65750005497830        21.2600004398264        23.9175004948047     
   5.31500010995660       0.000000000000000E+000  0.000000000000000E+000
   7.97250016493490        2.65750005497830       0.000000000000000E+000
   5.31500010995660        2.65750005497830        2.65750005497830     
   7.97250016493490       0.000000000000000E+000   2.65750005497830     
   5.31500010995660       0.000000000000000E+000   5.31500010995660     
   7.97250016493490        2.65750005497830        5.31500010995660     
   5.31500010995660        2.65750005497830        7.97250016493490     
   7.97250016493490       0.000000000000000E+000   7.97250016493490     
   5.31500010995660       0.000000000000000E+000   10.6300002199132     
   7.97250016493490        2.65750005497830        10.6300002199132     
   5.31500010995660        2.65750005497830        13.2875002748915     
   7.97250016493490       0.000000000000000E+000   13.2875002748915     
   5.31500010995660       0.000000000000000E+000   15.9450003298698     
   7.97250016493490        2.65750005497830        15.9450003298698     
   5.31500010995660        2.65750005497830        18.6025003848481     
   7.97250016493490       0.000000000000000E+000   18.6025003848481     
   5.31500010995660       0.000000000000000E+000   21.2600004398264     
   7.97250016493490        2.65750005497830        21.2600004398264     
   5.31500010995660        2.65750005497830        23.9175004948047     
   7.97250016493490       0.000000000000000E+000   23.9175004948047     
   5.31500010995660        5.31500010995660       0.000000000000000E+000
   7.97250016493490        7.97250016493490       0.000000000000000E+000
   5.31500010995660        7.97250016493490        2.65750005497830     
   7.97250016493490        5.31500010995660        2.65750005497830     
   5.31500010995660        5.31500010995660        5.31500010995660     
   7.97250016493490        7.97250016493490        5.31500010995660     
   5.31500010995660        7.97250016493490        7.97250016493490     
   7.97250016493490        5.31500010995660        7.97250016493490     
   5.31500010995660        5.31500010995660        10.6300002199132     
   7.97250016493490        7.97250016493490        10.6300002199132     
   5.31500010995660        7.97250016493490        13.2875002748915     
   7.97250016493490        5.31500010995660        13.2875002748915     
   5.31500010995660        5.31500010995660        15.9450003298698     
   7.97250016493490        7.97250016493490        15.9450003298698     
   5.31500010995660        7.97250016493490        18.6025003848481     
   7.97250016493490        5.31500010995660        18.6025003848481     
   5.31500010995660        5.31500010995660        21.2600004398264     
   7.97250016493490        7.97250016493490        21.2600004398264     
   5.31500010995660        7.97250016493490        23.9175004948047     
   7.97250016493490        5.31500010995660        23.9175004948047     
   5.31500010995660        10.6300002199132       0.000000000000000E+000
   7.97250016493490        13.2875002748915       0.000000000000000E+000
   5.31500010995660        13.2875002748915        2.65750005497830     
   7.97250016493490        10.6300002199132        2.65750005497830     
   5.31500010995660        10.6300002199132        5.31500010995660     
   7.97250016493490        13.2875002748915        5.31500010995660     
   5.31500010995660        13.2875002748915        7.97250016493490     
   7.97250016493490        10.6300002199132        7.97250016493490     
   5.31500010995660        10.6300002199132        10.6300002199132     
   7.97250016493490        13.2875002748915        10.6300002199132     
   5.31500010995660        13.2875002748915        13.2875002748915     
   7.97250016493490        10.6300002199132        13.2875002748915     
   5.31500010995660        10.6300002199132        15.9450003298698     
   7.97250016493490        13.2875002748915        15.9450003298698     
   5.31500010995660        13.2875002748915        18.6025003848481     
   7.97250016493490        10.6300002199132        18.6025003848481     
   5.31500010995660        10.6300002199132        21.2600004398264     
   7.97250016493490        13.2875002748915        21.2600004398264     
   5.31500010995660        13.2875002748915        23.9175004948047     
   7.97250016493490        10.6300002199132        23.9175004948047     
   5.31500010995660        15.9450003298698       0.000000000000000E+000
   7.97250016493490        18.6025003848481       0.000000000000000E+000
   5.31500010995660        18.6025003848481        2.65750005497830     
   7.97250016493490        15.9450003298698        2.65750005497830     
   5.31500010995660        15.9450003298698        5.31500010995660     
   7.97250016493490        18.6025003848481        5.31500010995660     
   5.31500010995660        18.6025003848481        7.97250016493490     
   7.97250016493490        15.9450003298698        7.97250016493490     
   5.31500010995660        15.9450003298698        10.6300002199132     
   7.97250016493490        18.6025003848481        10.6300002199132     
   5.31500010995660        18.6025003848481        13.2875002748915     
   7.97250016493490        15.9450003298698        13.2875002748915     
   5.31500010995660        15.9450003298698        15.9450003298698     
   7.97250016493490        18.6025003848481        15.9450003298698     
   5.31500010995660        18.6025003848481        18.6025003848481     
   7.97250016493490        15.9450003298698        18.6025003848481     
   5.31500010995660        15.9450003298698        21.2600004398264     
   7.97250016493490        18.6025003848481        21.2600004398264     
   5.31500010995660        18.6025003848481        23.9175004948047     
   7.97250016493490        15.9450003298698        23.9175004948047     
   5.31500010995660        21.2600004398264       0.000000000000000E+000
   7.97250016493490        23.9175004948047       0.000000000000000E+000
   5.31500010995660        23.9175004948047        2.65750005497830     
   7.97250016493490        21.2600004398264        2.65750005497830     
   5.31500010995660        21.2600004398264        5.31500010995660     
   7.97250016493490        23.9175004948047        5.31500010995660     
   5.31500010995660        23.9175004948047        7.97250016493490     
   7.97250016493490        21.2600004398264        7.97250016493490     
   5.31500010995660        21.2600004398264        10.6300002199132     
   7.97250016493490        23.9175004948047        10.6300002199132     
   5.31500010995660        23.9175004948047        13.2875002748915     
   7.97250016493490        21.2600004398264        13.2875002748915     
   5.31500010995660        21.2600004398264        15.9450003298698     
   7.97250016493490        23.9175004948047        15.9450003298698     
   5.31500010995660        23.9175004948047        18.6025003848481     
   7.97250016493490        21.2600004398264        18.6025003848481     
   5.31500010995660        21.2600004398264        21.2600004398264     
   7.97250016493490        23.9175004948047        21.2600004398264     
   5.31500010995660        23.9175004948047        23.9175004948047     
   7.97250016493490        21.2600004398264        23.9175004948047     
   10.6300002199132       0.000000000000000E+000  0.000000000000000E+000
   13.2875002748915        2.65750005497830       0.000000000000000E+000
   10.6300002199132        2.65750005497830        2.65750005497830     
   13.2875002748915       0.000000000000000E+000   2.65750005497830     
   10.6300002199132       0.000000000000000E+000   5.31500010995660     
   13.2875002748915        2.65750005497830        5.31500010995660     
   10.6300002199132        2.65750005497830        7.97250016493490     
   13.2875002748915       0.000000000000000E+000   7.97250016493490     
   10.6300002199132       0.000000000000000E+000   10.6300002199132     
   13.2875002748915        2.65750005497830        10.6300002199132     
   10.6300002199132        2.65750005497830        13.2875002748915     
   13.2875002748915       0.000000000000000E+000   13.2875002748915     
   10.6300002199132       0.000000000000000E+000   15.9450003298698     
   13.2875002748915        2.65750005497830        15.9450003298698     
   10.6300002199132        2.65750005497830        18.6025003848481     
   13.2875002748915       0.000000000000000E+000   18.6025003848481     
   10.6300002199132       0.000000000000000E+000   21.2600004398264     
   13.2875002748915        2.65750005497830        21.2600004398264     
   10.6300002199132        2.65750005497830        23.9175004948047     
   13.2875002748915       0.000000000000000E+000   23.9175004948047     
   10.6300002199132        5.31500010995660       0.000000000000000E+000
   13.2875002748915        7.97250016493490       0.000000000000000E+000
   10.6300002199132        7.97250016493490        2.65750005497830     
   13.2875002748915        5.31500010995660        2.65750005497830     
   10.6300002199132        5.31500010995660        5.31500010995660     
   13.2875002748915        7.97250016493490        5.31500010995660     
   10.6300002199132        7.97250016493490        7.97250016493490     
   13.2875002748915        5.31500010995660        7.97250016493490     
   10.6300002199132        5.31500010995660        10.6300002199132     
   13.2875002748915        7.97250016493490        10.6300002199132     
   10.6300002199132        7.97250016493490        13.2875002748915     
   13.2875002748915        5.31500010995660        13.2875002748915     
   10.6300002199132        5.31500010995660        15.9450003298698     
   13.2875002748915        7.97250016493490        15.9450003298698     
   10.6300002199132        7.97250016493490        18.6025003848481     
   13.2875002748915        5.31500010995660        18.6025003848481     
   10.6300002199132        5.31500010995660        21.2600004398264     
   13.2875002748915        7.97250016493490        21.2600004398264     
   10.6300002199132        7.97250016493490        23.9175004948047     
   13.2875002748915        5.31500010995660        23.9175004948047     
   10.6300002199132        10.6300002199132       0.000000000000000E+000
   13.2875002748915        13.2875002748915       0.000000000000000E+000
   10.6300002199132        13.2875002748915        2.65750005497830     
   13.2875002748915        10.6300002199132        2.65750005497830     
   10.6300002199132        10.6300002199132        5.31500010995660     
   13.2875002748915        13.2875002748915        5.31500010995660     
   10.6300002199132        13.2875002748915        7.97250016493490     
   13.2875002748915        10.6300002199132        7.97250016493490     
   10.6300002199132        10.6300002199132        10.6300002199132     
   13.2875002748915        13.2875002748915        10.6300002199132     
   10.6300002199132        13.2875002748915        13.2875002748915     
   13.2875002748915        10.6300002199132        13.2875002748915     
   10.6300002199132        10.6300002199132        15.9450003298698     
   13.2875002748915        13.2875002748915        15.9450003298698     
   10.6300002199132        13.2875002748915        18.6025003848481     
   13.2875002748915        10.6300002199132        18.6025003848481     
   10.6300002199132        10.6300002199132        21.2600004398264     
   13.2875002748915        13.2875002748915        21.2600004398264     
   10.6300002199132        13.2875002748915        23.9175004948047     
   13.2875002748915        10.6300002199132        23.9175004948047     
   10.6300002199132        15.9450003298698       0.000000000000000E+000
   13.2875002748915        18.6025003848481       0.000000000000000E+000
   10.6300002199132        18.6025003848481        2.65750005497830     
   13.2875002748915        15.9450003298698        2.65750005497830     
   10.6300002199132        15.9450003298698        5.31500010995660     
   13.2875002748915        18.6025003848481        5.31500010995660     
   10.6300002199132        18.6025003848481        7.97250016493490     
   13.2875002748915        15.9450003298698        7.97250016493490     
   10.6300002199132        15.9450003298698        10.6300002199132     
   13.2875002748915        18.6025003848481        10.6300002199132     
   10.6300002199132        18.6025003848481        13.2875002748915     
   13.2875002748915        15.9450003298698        13.2875002748915     
   10.6300002199132        15.9450003298698        15.9450003298698     
   13.2875002748915        18.6025003848481        15.9450003298698     
   10.6300002199132        18.6025003848481        18.6025003848481     
   13.2875002748915        15.9450003298698        18.6025003848481     
   10.6300002199132        15.9450003298698        21.2600004398264     
   13.2875002748915        18.6025003848481        21.2600004398264     
   10.6300002199132        18.6025003848481        23.9175004948047     
   13.2875002748915        15.9450003298698        23.9175004948047     
   10.6300002199132        21.2600004398264       0.000000000000000E+000
   13.2875002748915        23.9175004948047       0.000000000000000E+000
   10.6300002199132        23.9175004948047        2.65750005497830     
   13.2875002748915        21.2600004398264        2.65750005497830     
   10.6300002199132        21.2600004398264        5.31500010995660     
   13.2875002748915        23.9175004948047        5.31500010995660     
   10.6300002199132        23.9175004948047        7.97250016493490     
   13.2875002748915        21.2600004398264        7.97250016493490     
   10.6300002199132        21.2600004398264        10.6300002199132     
   13.2875002748915        23.9175004948047        10.6300002199132     
   10.6300002199132        23.9175004948047        13.2875002748915     
   13.2875002748915        21.2600004398264        13.2875002748915     
   10.6300002199132        21.2600004398264        15.9450003298698     
   13.2875002748915        23.9175004948047        15.9450003298698     
   10.6300002199132        23.9175004948047        18.6025003848481     
   13.2875002748915        21.2600004398264        18.6025003848481     
   10.6300002199132        21.2600004398264        21.2600004398264     
   13.2875002748915        23.9175004948047        21.2600004398264     
   10.6300002199132        23.9175004948047        23.9175004948047     
   13.2875002748915        21.2600004398264        23.9175004948047     
   15.9450003298698       0.000000000000000E+000  0.000000000000000E+000
   18.6025003848481        2.65750005497830       0.000000000000000E+000
   15.9450003298698        2.65750005497830        2.65750005497830     
   18.6025003848481       0.000000000000000E+000   2.65750005497830     
   15.9450003298698       0.000000000000000E+000   5.31500010995660     
   18.6025003848481        2.65750005497830        5.31500010995660     
   15.9450003298698        2.65750005497830        7.97250016493490     
   18.6025003848481       0.000000000000000E+000   7.97250016493490     
   15.9450003298698       0.000000000000000E+000   10.6300002199132     
   18.6025003848481        2.65750005497830        10.6300002199132     
   15.9450003298698        2.65750005497830        13.2875002748915     
   18.6025003848481       0.000000000000000E+000   13.2875002748915     
   15.9450003298698       0.000000000000000E+000   15.9450003298698     
   18.6025003848481        2.65750005497830        15.9450003298698     
   15.9450003298698        2.65750005497830        18.6025003848481     
   18.6025003848481       0.000000000000000E+000   18.6025003848481     
   15.9450003298698       0.000000000000000E+000   21.2600004398264     
   18.6025003848481        2.65750005497830        21.2600004398264     
   15.9450003298698        2.65750005497830        23.9175004948047     
   18.6025003848481       0.000000000000000E+000   23.9175004948047     
   15.9450003298698        5.31500010995660       0.000000000000000E+000
   18.6025003848481        7.97250016493490       0.000000000000000E+000
   15.9450003298698        7.97250016493490        2.65750005497830     
   18.6025003848481        5.31500010995660        2.65750005497830     
   15.9450003298698        5.31500010995660        5.31500010995660     
   18.6025003848481        7.97250016493490        5.31500010995660     
   15.9450003298698        7.97250016493490        7.97250016493490     
   18.6025003848481        5.31500010995660        7.97250016493490     
   15.9450003298698        5.31500010995660        10.6300002199132     
   18.6025003848481        7.97250016493490        10.6300002199132     
   15.9450003298698        7.97250016493490        13.2875002748915     
   18.6025003848481        5.31500010995660        13.2875002748915     
   15.9450003298698        5.31500010995660        15.9450003298698     
   18.6025003848481        7.97250016493490        15.9450003298698     
   15.9450003298698        7.97250016493490        18.6025003848481     
   18.6025003848481        5.31500010995660        18.6025003848481     
   15.9450003298698        5.31500010995660        21.2600004398264     
   18.6025003848481        7.97250016493490        21.2600004398264     
   15.9450003298698        7.97250016493490        23.9175004948047     
   18.6025003848481        5.31500010995660        23.9175004948047     
   15.9450003298698        10.6300002199132       0.000000000000000E+000
   18.6025003848481        13.2875002748915       0.000000000000000E+000
   15.9450003298698        13.2875002748915        2.65750005497830     
   18.6025003848481        10.6300002199132        2.65750005497830     
   15.9450003298698        10.6300002199132        5.31500010995660     
   18.6025003848481        13.2875002748915        5.31500010995660     
   15.9450003298698        13.2875002748915        7.97250016493490     
   18.6025003848481        10.6300002199132        7.97250016493490     
   15.9450003298698        10.6300002199132        10.6300002199132     
   18.6025003848481        13.2875002748915        10.6300002199132     
   15.9450003298698        13.2875002748915        13.2875002748915     
   18.6025003848481        10.6300002199132        13.2875002748915     
   15.9450003298698        10.6300002199132        15.9450003298698     
   18.6025003848481        13.2875002748915        15.9450003298698     
   15.9450003298698        13.2875002748915        18.6025003848481     
   18.6025003848481        10.6300002199132        18.6025003848481     
   15.9450003298698        10.6300002199132        21.2600004398264     
   18.6025003848481        13.2875002748915        21.2600004398264     
   15.9450003298698        13.2875002748915        23.9175004948047     
   18.6025003848481        10.6300002199132        23.9175004948047     
   15.9450003298698        15.9450003298698       0.000000000000000E+000
   18.6025003848481        18.6025003848481       0.000000000000000E+000
   15.9450003298698        18.6025003848481        2.65750005497830     
   18.6025003848481        15.9450003298698        2.65750005497830     
   15.9450003298698        15.9450003298698        5.31500010995660     
   18.6025003848481        18.6025003848481        5.31500010995660     
   15.9450003298698        18.6025003848481        7.97250016493490     
   18.6025003848481        15.9450003298698        7.97250016493490     
   15.9450003298698        15.9450003298698        10.6300002199132     
   18.6025003848481        18.6025003848481        10.6300002199132     
   15.9450003298698        18.6025003848481        13.2875002748915     
   18.6025003848481        15.9450003298698        13.2875002748915     
   15.9450003298698        15.9450003298698        15.9450003298698     
   18.6025003848481        18.6025003848481        15.9450003298698     
   15.9450003298698        18.6025003848481        18.6025003848481     
   18.6025003848481        15.9450003298698        18.6025003848481     
   15.9450003298698        15.9450003298698        21.2600004398264     
   18.6025003848481        18.6025003848481        21.2600004398264     
   15.9450003298698        18.6025003848481        23.9175004948047     
   18.6025003848481        15.9450003298698        23.9175004948047     
   15.9450003298698        21.2600004398264       0.000000000000000E+000
   18.6025003848481        23.9175004948047       0.000000000000000E+000
   15.9450003298698        23.9175004948047        2.65750005497830     
   18.6025003848481        21.2600004398264        2.65750005497830     
   15.9450003298698        21.2600004398264        5.31500010995660     
   18.6025003848481        23.9175004948047        5.31500010995660     
   15.9450003298698        23.9175004948047        7.97250016493490     
   18.6025003848481        21.2600004398264        7.97250016493490     
   15.9450003298698        21.2600004398264        10.6300002199132     
   18.6025003848481        23.9175004948047        10.6300002199132     
   15.9450003298698        23.9175004948047        13.2875002748915     
   18.6025003848481        21.2600004398264        13.2875002748915     
   15.9450003298698        21.2600004398264        15.9450003298698     
   18.6025003848481        23.9175004948047        15.9450003298698     
   15.9450003298698        23.9175004948047        18.6025003848481     
   18.6025003848481        21.2600004398264        18.6025003848481     
   15.9450003298698        21.2600004398264        21.2600004398264     
   18.6025003848481        23.9175004948047        21.2600004398264     
   15.9450003298698        23.9175004948047        23.9175004948047     
   18.6025003848481        21.2600004398264        23.9175004948047     
   21.2600004398264       0.000000000000000E+000  0.000000000000000E+000
   23.9175004948047        2.65750005497830       0.000000000000000E+000
   21.2600004398264        2.65750005497830        2.65750005497830     
   23.9175004948047       0.000000000000000E+000   2.65750005497830     
   21.2600004398264       0.000000000000000E+000   5.31500010995660     
   23.9175004948047        2.65750005497830        5.31500010995660     
   21.2600004398264        2.65750005497830        7.97250016493490     
   23.9175004948047       0.000000000000000E+000   7.97250016493490     
   21.2600004398264       0.000000000000000E+000   10.6300002199132     
   23.9175004948047        2.65750005497830        10.6300002199132     
   21.2600004398264        2.65750005497830        13.2875002748915     
   23.9175004948047       0.000000000000000E+000   13.2875002748915     
   21.2600004398264       0.000000000000000E+000   15.9450003298698     
   23.9175004948047        2.65750005497830        15.9450003298698     
   21.2600004398264        2.65750005497830        18.6025003848481     
   23.9175004948047       0.000000000000000E+000   18.6025003848481     
   21.2600004398264       0.000000000000000E+000   21.2600004398264     
   23.9175004948047        2.65750005497830        21.2600004398264     
   21.2600004398264        2.65750005497830        23.9175004948047     
   23.9175004948047       0.000000000000000E+000   23.9175004948047     
   21.2600004398264        5.31500010995660       0.000000000000000E+000
   23.9175004948047        7.97250016493490       0.000000000000000E+000
   21.2600004398264        7.97250016493490        2.65750005497830     
   23.9175004948047        5.31500010995660        2.65750005497830     
   21.2600004398264        5.31500010995660        5.31500010995660     
   23.9175004948047        7.97250016493490        5.31500010995660     
   21.2600004398264        7.97250016493490        7.97250016493490     
   23.9175004948047        5.31500010995660        7.97250016493490     
   21.2600004398264        5.31500010995660        10.6300002199132     
   23.9175004948047        7.97250016493490        10.6300002199132     
   21.2600004398264        7.97250016493490        13.2875002748915     
   23.9175004948047        5.31500010995660        13.2875002748915     
   21.2600004398264        5.31500010995660        15.9450003298698     
   23.9175004948047        7.97250016493490        15.9450003298698     
   21.2600004398264        7.97250016493490        18.6025003848481     
   23.9175004948047        5.31500010995660        18.6025003848481     
   21.2600004398264        5.31500010995660        21.2600004398264     
   23.9175004948047        7.97250016493490        21.2600004398264     
   21.2600004398264        7.97250016493490        23.9175004948047     
   23.9175004948047        5.31500010995660        23.9175004948047     
   21.2600004398264        10.6300002199132       0.000000000000000E+000
   23.9175004948047        13.2875002748915       0.000000000000000E+000
   21.2600004398264        13.2875002748915        2.65750005497830     
   23.9175004948047        10.6300002199132        2.65750005497830     
   21.2600004398264        10.6300002199132        5.31500010995660     
   23.9175004948047        13.2875002748915        5.31500010995660     
   21.2600004398264        13.2875002748915        7.97250016493490     
   23.9175004948047        10.6300002199132        7.97250016493490     
   21.2600004398264        10.6300002199132        10.6300002199132     
   23.9175004948047        13.2875002748915        10.6300002199132     
   21.2600004398264        13.2875002748915        13.2875002748915     
   23.9175004948047        10.6300002199132        13.2875002748915     
   21.2600004398264        10.6300002199132        15.9450003298698     
   23.9175004948047        13.2875002748915        15.9450003298698     
   21.2600004398264        13.2875002748915        18.6025003848481     
   23.9175004948047        10.6300002199132        18.6025003848481     
   21.2600004398264        10.6300002199132        21.2600004398264     
   23.9175004948047        13.2875002748915        21.2600004398264     
   21.2600004398264        13.2875002748915        23.9175004948047     
   23.9175004948047        10.6300002199132        23.9175004948047     
   21.2600004398264        15.9450003298698       0.000000000000000E+000
   23.9175004948047        18.6025003848481       0.000000000000000E+000
   21.2600004398264        18.6025003848481        2.65750005497830     
   23.9175004948047        15.9450003298698        2.65750005497830     
   21.2600004398264        15.9450003298698        5.31500010995660     
   23.9175004948047        18.6025003848481        5.31500010995660     
   21.2600004398264        18.6025003848481        7.97250016493490     
   23.9175004948047        15.9450003298698        7.97250016493490     
   21.2600004398264        15.9450003298698        10.6300002199132     
   23.9175004948047        18.6025003848481        10.6300002199132     
   21.2600004398264        18.6025003848481        13.2875002748915     
   23.9175004948047        15.9450003298698        13.2875002748915     
   21.2600004398264        15.9450003298698        15.9450003298698     
   23.9175004948047        18.6025003848481        15.9450003298698     
   21.2600004398264        18.6025003848481        18.6025003848481     
   23.9175004948047        15.9450003298698        18.6025003848481     
   21.2600004398264        15.9450003298698        21.2600004398264     
   23.9175004948047        18.6025003848481        21.2600004398264     
   21.2600004398264        18.6025003848481        23.9175004948047     
   23.9175004948047        15.9450003298698        23.9175004948047     
   21.2600004398264        21.2600004398264       0.000000000000000E+000
   23.9175004948047        23.9175004948047       0.000000000000000E+000
   21.2600004398264        23.9175004948047        2.65750005497830     
   23.9175004948047        21.2600004398264        2.65750005497830     
   21.2600004398264        21.2600004398264        5.31500010995660     
   23.9175004948047        23.9175004948047        5.31500010995660     
   21.2600004398264        23.9175004948047        7.97250016493490     
   23.9175004948047        21.2600004398264        7.97250016493490     
   21.2600004398264        21.2600004398264        10.6300002199132     
   23.9175004948047        23.9175004948047        10.6300002199132     
   21.2600004398264        23.9175004948047        13.2875002748915     
   23.9175004948047        21.2600004398264        13.2875002748915     
   21.2600004398264        21.2600004398264        15.9450003298698     
   23.9175004948047        23.9175004948047        15.9450003298698     
   21.2600004398264        23.9175004948047        18.6025003848481     
   23.9175004948047        21.2600004398264        18.6025003848481     
   21.2600004398264        21.2600004398264        21.2600004398264     
   23.9175004948047        23.9175004948047        21.2600004398264     
   21.2600004398264        23.9175004948047        23.9175004948047     
   23.9175004948047        21.2600004398264        23.9175004948047     
