  0.000000000000000E+000  0.000000000000000E+000  0.000000000000000E+000
   1.84750001650536        1.84750001650536       0.000000000000000E+000
  0.000000000000000E+000   1.84750001650536        1.84750001650536     
   1.84750001650536       0.000000000000000E+000   1.84750001650536     
  0.000000000000000E+000  0.000000000000000E+000   3.69500003301073     
   1.84750001650536        1.84750001650536        3.69500003301073     
  0.000000000000000E+000   1.84750001650536        5.54250004951609     
   1.84750001650536       0.000000000000000E+000   5.54250004951609     
  0.000000000000000E+000  0.000000000000000E+000   7.39000006602146     
   1.84750001650536        1.84750001650536        7.39000006602146     
  0.000000000000000E+000   1.84750001650536        9.23750008252682     
   1.84750001650536       0.000000000000000E+000   9.23750008252682     
  0.000000000000000E+000  0.000000000000000E+000   11.0850000990322     
   1.84750001650536        1.84750001650536        11.0850000990322     
  0.000000000000000E+000   1.84750001650536        12.9325001155376     
   1.84750001650536       0.000000000000000E+000   12.9325001155376     
  0.000000000000000E+000  0.000000000000000E+000   14.7800001320429     
   1.84750001650536        1.84750001650536        14.7800001320429     
  0.000000000000000E+000   1.84750001650536        16.6275001485483     
   1.84750001650536       0.000000000000000E+000   16.6275001485483     
  0.000000000000000E+000   3.69500003301073       0.000000000000000E+000
   1.84750001650536        5.54250004951609       0.000000000000000E+000
  0.000000000000000E+000   5.54250004951609        1.84750001650536     
   1.84750001650536        3.69500003301073        1.84750001650536     
  0.000000000000000E+000   3.69500003301073        3.69500003301073     
   1.84750001650536        5.54250004951609        3.69500003301073     
  0.000000000000000E+000   5.54250004951609        5.54250004951609     
   1.84750001650536        3.69500003301073        5.54250004951609     
  0.000000000000000E+000   3.69500003301073        7.39000006602146     
   1.84750001650536        5.54250004951609        7.39000006602146     
  0.000000000000000E+000   5.54250004951609        9.23750008252682     
   1.84750001650536        3.69500003301073        9.23750008252682     
  0.000000000000000E+000   3.69500003301073        11.0850000990322     
   1.84750001650536        5.54250004951609        11.0850000990322     
  0.000000000000000E+000   5.54250004951609        12.9325001155376     
   1.84750001650536        3.69500003301073        12.9325001155376     
  0.000000000000000E+000   3.69500003301073        14.7800001320429     
   1.84750001650536        5.54250004951609        14.7800001320429     
  0.000000000000000E+000   5.54250004951609        16.6275001485483     
   1.84750001650536        3.69500003301073        16.6275001485483     
  0.000000000000000E+000   7.39000006602146       0.000000000000000E+000
   1.84750001650536        9.23750008252682       0.000000000000000E+000
  0.000000000000000E+000   9.23750008252682        1.84750001650536     
   1.84750001650536        7.39000006602146        1.84750001650536     
  0.000000000000000E+000   7.39000006602146        3.69500003301073     
   1.84750001650536        9.23750008252682        3.69500003301073     
  0.000000000000000E+000   9.23750008252682        5.54250004951609     
   1.84750001650536        7.39000006602146        5.54250004951609     
  0.000000000000000E+000   7.39000006602146        7.39000006602146     
   1.84750001650536        9.23750008252682        7.39000006602146     
  0.000000000000000E+000   9.23750008252682        9.23750008252682     
   1.84750001650536        7.39000006602146        9.23750008252682     
  0.000000000000000E+000   7.39000006602146        11.0850000990322     
   1.84750001650536        9.23750008252682        11.0850000990322     
  0.000000000000000E+000   9.23750008252682        12.9325001155376     
   1.84750001650536        7.39000006602146        12.9325001155376     
  0.000000000000000E+000   7.39000006602146        14.7800001320429     
   1.84750001650536        9.23750008252682        14.7800001320429     
  0.000000000000000E+000   9.23750008252682        16.6275001485483     
   1.84750001650536        7.39000006602146        16.6275001485483     
  0.000000000000000E+000   11.0850000990322       0.000000000000000E+000
   1.84750001650536        12.9325001155376       0.000000000000000E+000
  0.000000000000000E+000   12.9325001155376        1.84750001650536     
   1.84750001650536        11.0850000990322        1.84750001650536     
  0.000000000000000E+000   11.0850000990322        3.69500003301073     
   1.84750001650536        12.9325001155376        3.69500003301073     
  0.000000000000000E+000   12.9325001155376        5.54250004951609     
   1.84750001650536        11.0850000990322        5.54250004951609     
  0.000000000000000E+000   11.0850000990322        7.39000006602146     
   1.84750001650536        12.9325001155376        7.39000006602146     
  0.000000000000000E+000   12.9325001155376        9.23750008252682     
   1.84750001650536        11.0850000990322        9.23750008252682     
  0.000000000000000E+000   11.0850000990322        11.0850000990322     
   1.84750001650536        12.9325001155376        11.0850000990322     
  0.000000000000000E+000   12.9325001155376        12.9325001155376     
   1.84750001650536        11.0850000990322        12.9325001155376     
  0.000000000000000E+000   11.0850000990322        14.7800001320429     
   1.84750001650536        12.9325001155376        14.7800001320429     
  0.000000000000000E+000   12.9325001155376        16.6275001485483     
   1.84750001650536        11.0850000990322        16.6275001485483     
  0.000000000000000E+000   14.7800001320429       0.000000000000000E+000
   1.84750001650536        16.6275001485483       0.000000000000000E+000
  0.000000000000000E+000   16.6275001485483        1.84750001650536     
   1.84750001650536        14.7800001320429        1.84750001650536     
  0.000000000000000E+000   14.7800001320429        3.69500003301073     
   1.84750001650536        16.6275001485483        3.69500003301073     
  0.000000000000000E+000   16.6275001485483        5.54250004951609     
   1.84750001650536        14.7800001320429        5.54250004951609     
  0.000000000000000E+000   14.7800001320429        7.39000006602146     
   1.84750001650536        16.6275001485483        7.39000006602146     
  0.000000000000000E+000   16.6275001485483        9.23750008252682     
   1.84750001650536        14.7800001320429        9.23750008252682     
  0.000000000000000E+000   14.7800001320429        11.0850000990322     
   1.84750001650536        16.6275001485483        11.0850000990322     
  0.000000000000000E+000   16.6275001485483        12.9325001155376     
   1.84750001650536        14.7800001320429        12.9325001155376     
  0.000000000000000E+000   14.7800001320429        14.7800001320429     
   1.84750001650536        16.6275001485483        14.7800001320429     
  0.000000000000000E+000   16.6275001485483        16.6275001485483     
   1.84750001650536        14.7800001320429        16.6275001485483     
   3.69500003301073       0.000000000000000E+000  0.000000000000000E+000
   5.54250004951609        1.84750001650536       0.000000000000000E+000
   3.69500003301073        1.84750001650536        1.84750001650536     
   5.54250004951609       0.000000000000000E+000   1.84750001650536     
   3.69500003301073       0.000000000000000E+000   3.69500003301073     
   5.54250004951609        1.84750001650536        3.69500003301073     
   3.69500003301073        1.84750001650536        5.54250004951609     
   5.54250004951609       0.000000000000000E+000   5.54250004951609     
   3.69500003301073       0.000000000000000E+000   7.39000006602146     
   5.54250004951609        1.84750001650536        7.39000006602146     
   3.69500003301073        1.84750001650536        9.23750008252682     
   5.54250004951609       0.000000000000000E+000   9.23750008252682     
   3.69500003301073       0.000000000000000E+000   11.0850000990322     
   5.54250004951609        1.84750001650536        11.0850000990322     
   3.69500003301073        1.84750001650536        12.9325001155376     
   5.54250004951609       0.000000000000000E+000   12.9325001155376     
   3.69500003301073       0.000000000000000E+000   14.7800001320429     
   5.54250004951609        1.84750001650536        14.7800001320429     
   3.69500003301073        1.84750001650536        16.6275001485483     
   5.54250004951609       0.000000000000000E+000   16.6275001485483     
   3.69500003301073        3.69500003301073       0.000000000000000E+000
   5.54250004951609        5.54250004951609       0.000000000000000E+000
   3.69500003301073        5.54250004951609        1.84750001650536     
   5.54250004951609        3.69500003301073        1.84750001650536     
   3.69500003301073        3.69500003301073        3.69500003301073     
   5.54250004951609        5.54250004951609        3.69500003301073     
   3.69500003301073        5.54250004951609        5.54250004951609     
   5.54250004951609        3.69500003301073        5.54250004951609     
   3.69500003301073        3.69500003301073        7.39000006602146     
   5.54250004951609        5.54250004951609        7.39000006602146     
   3.69500003301073        5.54250004951609        9.23750008252682     
   5.54250004951609        3.69500003301073        9.23750008252682     
   3.69500003301073        3.69500003301073        11.0850000990322     
   5.54250004951609        5.54250004951609        11.0850000990322     
   3.69500003301073        5.54250004951609        12.9325001155376     
   5.54250004951609        3.69500003301073        12.9325001155376     
   3.69500003301073        3.69500003301073        14.7800001320429     
   5.54250004951609        5.54250004951609        14.7800001320429     
   3.69500003301073        5.54250004951609        16.6275001485483     
   5.54250004951609        3.69500003301073        16.6275001485483     
   3.69500003301073        7.39000006602146       0.000000000000000E+000
   5.54250004951609        9.23750008252682       0.000000000000000E+000
   3.69500003301073        9.23750008252682        1.84750001650536     
   5.54250004951609        7.39000006602146        1.84750001650536     
   3.69500003301073        7.39000006602146        3.69500003301073     
   5.54250004951609        9.23750008252682        3.69500003301073     
   3.69500003301073        9.23750008252682        5.54250004951609     
   5.54250004951609        7.39000006602146        5.54250004951609     
   3.69500003301073        7.39000006602146        7.39000006602146     
   5.54250004951609        9.23750008252682        7.39000006602146     
   3.69500003301073        9.23750008252682        9.23750008252682     
   5.54250004951609        7.39000006602146        9.23750008252682     
   3.69500003301073        7.39000006602146        11.0850000990322     
   5.54250004951609        9.23750008252682        11.0850000990322     
   3.69500003301073        9.23750008252682        12.9325001155376     
   5.54250004951609        7.39000006602146        12.9325001155376     
   3.69500003301073        7.39000006602146        14.7800001320429     
   5.54250004951609        9.23750008252682        14.7800001320429     
   3.69500003301073        9.23750008252682        16.6275001485483     
   5.54250004951609        7.39000006602146        16.6275001485483     
   3.69500003301073        11.0850000990322       0.000000000000000E+000
   5.54250004951609        12.9325001155376       0.000000000000000E+000
   3.69500003301073        12.9325001155376        1.84750001650536     
   5.54250004951609        11.0850000990322        1.84750001650536     
   3.69500003301073        11.0850000990322        3.69500003301073     
   5.54250004951609        12.9325001155376        3.69500003301073     
   3.69500003301073        12.9325001155376        5.54250004951609     
   5.54250004951609        11.0850000990322        5.54250004951609     
   3.69500003301073        11.0850000990322        7.39000006602146     
   5.54250004951609        12.9325001155376        7.39000006602146     
   3.69500003301073        12.9325001155376        9.23750008252682     
   5.54250004951609        11.0850000990322        9.23750008252682     
   3.69500003301073        11.0850000990322        11.0850000990322     
   5.54250004951609        12.9325001155376        11.0850000990322     
   3.69500003301073        12.9325001155376        12.9325001155376     
   5.54250004951609        11.0850000990322        12.9325001155376     
   3.69500003301073        11.0850000990322        14.7800001320429     
   5.54250004951609        12.9325001155376        14.7800001320429     
   3.69500003301073        12.9325001155376        16.6275001485483     
   5.54250004951609        11.0850000990322        16.6275001485483     
   3.69500003301073        14.7800001320429       0.000000000000000E+000
   5.54250004951609        16.6275001485483       0.000000000000000E+000
   3.69500003301073        16.6275001485483        1.84750001650536     
   5.54250004951609        14.7800001320429        1.84750001650536     
   3.69500003301073        14.7800001320429        3.69500003301073     
   5.54250004951609        16.6275001485483        3.69500003301073     
   3.69500003301073        16.6275001485483        5.54250004951609     
   5.54250004951609        14.7800001320429        5.54250004951609     
   3.69500003301073        14.7800001320429        7.39000006602146     
   5.54250004951609        16.6275001485483        7.39000006602146     
   3.69500003301073        16.6275001485483        9.23750008252682     
   5.54250004951609        14.7800001320429        9.23750008252682     
   3.69500003301073        14.7800001320429        11.0850000990322     
   5.54250004951609        16.6275001485483        11.0850000990322     
   3.69500003301073        16.6275001485483        12.9325001155376     
   5.54250004951609        14.7800001320429        12.9325001155376     
   3.69500003301073        14.7800001320429        14.7800001320429     
   5.54250004951609        16.6275001485483        14.7800001320429     
   3.69500003301073        16.6275001485483        16.6275001485483     
   5.54250004951609        14.7800001320429        16.6275001485483     
   7.39000006602146       0.000000000000000E+000  0.000000000000000E+000
   9.23750008252682        1.84750001650536       0.000000000000000E+000
   7.39000006602146        1.84750001650536        1.84750001650536     
   9.23750008252682       0.000000000000000E+000   1.84750001650536     
   7.39000006602146       0.000000000000000E+000   3.69500003301073     
   9.23750008252682        1.84750001650536        3.69500003301073     
   7.39000006602146        1.84750001650536        5.54250004951609     
   9.23750008252682       0.000000000000000E+000   5.54250004951609     
   7.39000006602146       0.000000000000000E+000   7.39000006602146     
   9.23750008252682        1.84750001650536        7.39000006602146     
   7.39000006602146        1.84750001650536        9.23750008252682     
   9.23750008252682       0.000000000000000E+000   9.23750008252682     
   7.39000006602146       0.000000000000000E+000   11.0850000990322     
   9.23750008252682        1.84750001650536        11.0850000990322     
   7.39000006602146        1.84750001650536        12.9325001155376     
   9.23750008252682       0.000000000000000E+000   12.9325001155376     
   7.39000006602146       0.000000000000000E+000   14.7800001320429     
   9.23750008252682        1.84750001650536        14.7800001320429     
   7.39000006602146        1.84750001650536        16.6275001485483     
   9.23750008252682       0.000000000000000E+000   16.6275001485483     
   7.39000006602146        3.69500003301073       0.000000000000000E+000
   9.23750008252682        5.54250004951609       0.000000000000000E+000
   7.39000006602146        5.54250004951609        1.84750001650536     
   9.23750008252682        3.69500003301073        1.84750001650536     
   7.39000006602146        3.69500003301073        3.69500003301073     
   9.23750008252682        5.54250004951609        3.69500003301073     
   7.39000006602146        5.54250004951609        5.54250004951609     
   9.23750008252682        3.69500003301073        5.54250004951609     
   7.39000006602146        3.69500003301073        7.39000006602146     
   9.23750008252682        5.54250004951609        7.39000006602146     
   7.39000006602146        5.54250004951609        9.23750008252682     
   9.23750008252682        3.69500003301073        9.23750008252682     
   7.39000006602146        3.69500003301073        11.0850000990322     
   9.23750008252682        5.54250004951609        11.0850000990322     
   7.39000006602146        5.54250004951609        12.9325001155376     
   9.23750008252682        3.69500003301073        12.9325001155376     
   7.39000006602146        3.69500003301073        14.7800001320429     
   9.23750008252682        5.54250004951609        14.7800001320429     
   7.39000006602146        5.54250004951609        16.6275001485483     
   9.23750008252682        3.69500003301073        16.6275001485483     
   7.39000006602146        7.39000006602146       0.000000000000000E+000
   9.23750008252682        9.23750008252682       0.000000000000000E+000
   7.39000006602146        9.23750008252682        1.84750001650536     
   9.23750008252682        7.39000006602146        1.84750001650536     
   7.39000006602146        7.39000006602146        3.69500003301073     
   9.23750008252682        9.23750008252682        3.69500003301073     
   7.39000006602146        9.23750008252682        5.54250004951609     
   9.23750008252682        7.39000006602146        5.54250004951609     
   7.39000006602146        7.39000006602146        7.39000006602146     
   9.23750008252682        9.23750008252682        7.39000006602146     
   7.39000006602146        9.23750008252682        9.23750008252682     
   9.23750008252682        7.39000006602146        9.23750008252682     
   7.39000006602146        7.39000006602146        11.0850000990322     
   9.23750008252682        9.23750008252682        11.0850000990322     
   7.39000006602146        9.23750008252682        12.9325001155376     
   9.23750008252682        7.39000006602146        12.9325001155376     
   7.39000006602146        7.39000006602146        14.7800001320429     
   9.23750008252682        9.23750008252682        14.7800001320429     
   7.39000006602146        9.23750008252682        16.6275001485483     
   9.23750008252682        7.39000006602146        16.6275001485483     
   7.39000006602146        11.0850000990322       0.000000000000000E+000
   9.23750008252682        12.9325001155376       0.000000000000000E+000
   7.39000006602146        12.9325001155376        1.84750001650536     
   9.23750008252682        11.0850000990322        1.84750001650536     
   7.39000006602146        11.0850000990322        3.69500003301073     
   9.23750008252682        12.9325001155376        3.69500003301073     
   7.39000006602146        12.9325001155376        5.54250004951609     
   9.23750008252682        11.0850000990322        5.54250004951609     
   7.39000006602146        11.0850000990322        7.39000006602146     
   9.23750008252682        12.9325001155376        7.39000006602146     
   7.39000006602146        12.9325001155376        9.23750008252682     
   9.23750008252682        11.0850000990322        9.23750008252682     
   7.39000006602146        11.0850000990322        11.0850000990322     
   9.23750008252682        12.9325001155376        11.0850000990322     
   7.39000006602146        12.9325001155376        12.9325001155376     
   9.23750008252682        11.0850000990322        12.9325001155376     
   7.39000006602146        11.0850000990322        14.7800001320429     
   9.23750008252682        12.9325001155376        14.7800001320429     
   7.39000006602146        12.9325001155376        16.6275001485483     
   9.23750008252682        11.0850000990322        16.6275001485483     
   7.39000006602146        14.7800001320429       0.000000000000000E+000
   9.23750008252682        16.6275001485483       0.000000000000000E+000
   7.39000006602146        16.6275001485483        1.84750001650536     
   9.23750008252682        14.7800001320429        1.84750001650536     
   7.39000006602146        14.7800001320429        3.69500003301073     
   9.23750008252682        16.6275001485483        3.69500003301073     
   7.39000006602146        16.6275001485483        5.54250004951609     
   9.23750008252682        14.7800001320429        5.54250004951609     
   7.39000006602146        14.7800001320429        7.39000006602146     
   9.23750008252682        16.6275001485483        7.39000006602146     
   7.39000006602146        16.6275001485483        9.23750008252682     
   9.23750008252682        14.7800001320429        9.23750008252682     
   7.39000006602146        14.7800001320429        11.0850000990322     
   9.23750008252682        16.6275001485483        11.0850000990322     
   7.39000006602146        16.6275001485483        12.9325001155376     
   9.23750008252682        14.7800001320429        12.9325001155376     
   7.39000006602146        14.7800001320429        14.7800001320429     
   9.23750008252682        16.6275001485483        14.7800001320429     
   7.39000006602146        16.6275001485483        16.6275001485483     
   9.23750008252682        14.7800001320429        16.6275001485483     
   11.0850000990322       0.000000000000000E+000  0.000000000000000E+000
   12.9325001155376        1.84750001650536       0.000000000000000E+000
   11.0850000990322        1.84750001650536        1.84750001650536     
   12.9325001155376       0.000000000000000E+000   1.84750001650536     
   11.0850000990322       0.000000000000000E+000   3.69500003301073     
   12.9325001155376        1.84750001650536        3.69500003301073     
   11.0850000990322        1.84750001650536        5.54250004951609     
   12.9325001155376       0.000000000000000E+000   5.54250004951609     
   11.0850000990322       0.000000000000000E+000   7.39000006602146     
   12.9325001155376        1.84750001650536        7.39000006602146     
   11.0850000990322        1.84750001650536        9.23750008252682     
   12.9325001155376       0.000000000000000E+000   9.23750008252682     
   11.0850000990322       0.000000000000000E+000   11.0850000990322     
   12.9325001155376        1.84750001650536        11.0850000990322     
   11.0850000990322        1.84750001650536        12.9325001155376     
   12.9325001155376       0.000000000000000E+000   12.9325001155376     
   11.0850000990322       0.000000000000000E+000   14.7800001320429     
   12.9325001155376        1.84750001650536        14.7800001320429     
   11.0850000990322        1.84750001650536        16.6275001485483     
   12.9325001155376       0.000000000000000E+000   16.6275001485483     
   11.0850000990322        3.69500003301073       0.000000000000000E+000
   12.9325001155376        5.54250004951609       0.000000000000000E+000
   11.0850000990322        5.54250004951609        1.84750001650536     
   12.9325001155376        3.69500003301073        1.84750001650536     
   11.0850000990322        3.69500003301073        3.69500003301073     
   12.9325001155376        5.54250004951609        3.69500003301073     
   11.0850000990322        5.54250004951609        5.54250004951609     
   12.9325001155376        3.69500003301073        5.54250004951609     
   11.0850000990322        3.69500003301073        7.39000006602146     
   12.9325001155376        5.54250004951609        7.39000006602146     
   11.0850000990322        5.54250004951609        9.23750008252682     
   12.9325001155376        3.69500003301073        9.23750008252682     
   11.0850000990322        3.69500003301073        11.0850000990322     
   12.9325001155376        5.54250004951609        11.0850000990322     
   11.0850000990322        5.54250004951609        12.9325001155376     
   12.9325001155376        3.69500003301073        12.9325001155376     
   11.0850000990322        3.69500003301073        14.7800001320429     
   12.9325001155376        5.54250004951609        14.7800001320429     
   11.0850000990322        5.54250004951609        16.6275001485483     
   12.9325001155376        3.69500003301073        16.6275001485483     
   11.0850000990322        7.39000006602146       0.000000000000000E+000
   12.9325001155376        9.23750008252682       0.000000000000000E+000
   11.0850000990322        9.23750008252682        1.84750001650536     
   12.9325001155376        7.39000006602146        1.84750001650536     
   11.0850000990322        7.39000006602146        3.69500003301073     
   12.9325001155376        9.23750008252682        3.69500003301073     
   11.0850000990322        9.23750008252682        5.54250004951609     
   12.9325001155376        7.39000006602146        5.54250004951609     
   11.0850000990322        7.39000006602146        7.39000006602146     
   12.9325001155376        9.23750008252682        7.39000006602146     
   11.0850000990322        9.23750008252682        9.23750008252682     
   12.9325001155376        7.39000006602146        9.23750008252682     
   11.0850000990322        7.39000006602146        11.0850000990322     
   12.9325001155376        9.23750008252682        11.0850000990322     
   11.0850000990322        9.23750008252682        12.9325001155376     
   12.9325001155376        7.39000006602146        12.9325001155376     
   11.0850000990322        7.39000006602146        14.7800001320429     
   12.9325001155376        9.23750008252682        14.7800001320429     
   11.0850000990322        9.23750008252682        16.6275001485483     
   12.9325001155376        7.39000006602146        16.6275001485483     
   11.0850000990322        11.0850000990322       0.000000000000000E+000
   12.9325001155376        12.9325001155376       0.000000000000000E+000
   11.0850000990322        12.9325001155376        1.84750001650536     
   12.9325001155376        11.0850000990322        1.84750001650536     
   11.0850000990322        11.0850000990322        3.69500003301073     
   12.9325001155376        12.9325001155376        3.69500003301073     
   11.0850000990322        12.9325001155376        5.54250004951609     
   12.9325001155376        11.0850000990322        5.54250004951609     
   11.0850000990322        11.0850000990322        7.39000006602146     
   12.9325001155376        12.9325001155376        7.39000006602146     
   11.0850000990322        12.9325001155376        9.23750008252682     
   12.9325001155376        11.0850000990322        9.23750008252682     
   11.0850000990322        11.0850000990322        11.0850000990322     
   12.9325001155376        12.9325001155376        11.0850000990322     
   11.0850000990322        12.9325001155376        12.9325001155376     
   12.9325001155376        11.0850000990322        12.9325001155376     
   11.0850000990322        11.0850000990322        14.7800001320429     
   12.9325001155376        12.9325001155376        14.7800001320429     
   11.0850000990322        12.9325001155376        16.6275001485483     
   12.9325001155376        11.0850000990322        16.6275001485483     
   11.0850000990322        14.7800001320429       0.000000000000000E+000
   12.9325001155376        16.6275001485483       0.000000000000000E+000
   11.0850000990322        16.6275001485483        1.84750001650536     
   12.9325001155376        14.7800001320429        1.84750001650536     
   11.0850000990322        14.7800001320429        3.69500003301073     
   12.9325001155376        16.6275001485483        3.69500003301073     
   11.0850000990322        16.6275001485483        5.54250004951609     
   12.9325001155376        14.7800001320429        5.54250004951609     
   11.0850000990322        14.7800001320429        7.39000006602146     
   12.9325001155376        16.6275001485483        7.39000006602146     
   11.0850000990322        16.6275001485483        9.23750008252682     
   12.9325001155376        14.7800001320429        9.23750008252682     
   11.0850000990322        14.7800001320429        11.0850000990322     
   12.9325001155376        16.6275001485483        11.0850000990322     
   11.0850000990322        16.6275001485483        12.9325001155376     
   12.9325001155376        14.7800001320429        12.9325001155376     
   11.0850000990322        14.7800001320429        14.7800001320429     
   12.9325001155376        16.6275001485483        14.7800001320429     
   11.0850000990322        16.6275001485483        16.6275001485483     
   12.9325001155376        14.7800001320429        16.6275001485483     
   14.7800001320429       0.000000000000000E+000  0.000000000000000E+000
   16.6275001485483        1.84750001650536       0.000000000000000E+000
   14.7800001320429        1.84750001650536        1.84750001650536     
   16.6275001485483       0.000000000000000E+000   1.84750001650536     
   14.7800001320429       0.000000000000000E+000   3.69500003301073     
   16.6275001485483        1.84750001650536        3.69500003301073     
   14.7800001320429        1.84750001650536        5.54250004951609     
   16.6275001485483       0.000000000000000E+000   5.54250004951609     
   14.7800001320429       0.000000000000000E+000   7.39000006602146     
   16.6275001485483        1.84750001650536        7.39000006602146     
   14.7800001320429        1.84750001650536        9.23750008252682     
   16.6275001485483       0.000000000000000E+000   9.23750008252682     
   14.7800001320429       0.000000000000000E+000   11.0850000990322     
   16.6275001485483        1.84750001650536        11.0850000990322     
   14.7800001320429        1.84750001650536        12.9325001155376     
   16.6275001485483       0.000000000000000E+000   12.9325001155376     
   14.7800001320429       0.000000000000000E+000   14.7800001320429     
   16.6275001485483        1.84750001650536        14.7800001320429     
   14.7800001320429        1.84750001650536        16.6275001485483     
   16.6275001485483       0.000000000000000E+000   16.6275001485483     
   14.7800001320429        3.69500003301073       0.000000000000000E+000
   16.6275001485483        5.54250004951609       0.000000000000000E+000
   14.7800001320429        5.54250004951609        1.84750001650536     
   16.6275001485483        3.69500003301073        1.84750001650536     
   14.7800001320429        3.69500003301073        3.69500003301073     
   16.6275001485483        5.54250004951609        3.69500003301073     
   14.7800001320429        5.54250004951609        5.54250004951609     
   16.6275001485483        3.69500003301073        5.54250004951609     
   14.7800001320429        3.69500003301073        7.39000006602146     
   16.6275001485483        5.54250004951609        7.39000006602146     
   14.7800001320429        5.54250004951609        9.23750008252682     
   16.6275001485483        3.69500003301073        9.23750008252682     
   14.7800001320429        3.69500003301073        11.0850000990322     
   16.6275001485483        5.54250004951609        11.0850000990322     
   14.7800001320429        5.54250004951609        12.9325001155376     
   16.6275001485483        3.69500003301073        12.9325001155376     
   14.7800001320429        3.69500003301073        14.7800001320429     
   16.6275001485483        5.54250004951609        14.7800001320429     
   14.7800001320429        5.54250004951609        16.6275001485483     
   16.6275001485483        3.69500003301073        16.6275001485483     
   14.7800001320429        7.39000006602146       0.000000000000000E+000
   16.6275001485483        9.23750008252682       0.000000000000000E+000
   14.7800001320429        9.23750008252682        1.84750001650536     
   16.6275001485483        7.39000006602146        1.84750001650536     
   14.7800001320429        7.39000006602146        3.69500003301073     
   16.6275001485483        9.23750008252682        3.69500003301073     
   14.7800001320429        9.23750008252682        5.54250004951609     
   16.6275001485483        7.39000006602146        5.54250004951609     
   14.7800001320429        7.39000006602146        7.39000006602146     
   16.6275001485483        9.23750008252682        7.39000006602146     
   14.7800001320429        9.23750008252682        9.23750008252682     
   16.6275001485483        7.39000006602146        9.23750008252682     
   14.7800001320429        7.39000006602146        11.0850000990322     
   16.6275001485483        9.23750008252682        11.0850000990322     
   14.7800001320429        9.23750008252682        12.9325001155376     
   16.6275001485483        7.39000006602146        12.9325001155376     
   14.7800001320429        7.39000006602146        14.7800001320429     
   16.6275001485483        9.23750008252682        14.7800001320429     
   14.7800001320429        9.23750008252682        16.6275001485483     
   16.6275001485483        7.39000006602146        16.6275001485483     
   14.7800001320429        11.0850000990322       0.000000000000000E+000
   16.6275001485483        12.9325001155376       0.000000000000000E+000
   14.7800001320429        12.9325001155376        1.84750001650536     
   16.6275001485483        11.0850000990322        1.84750001650536     
   14.7800001320429        11.0850000990322        3.69500003301073     
   16.6275001485483        12.9325001155376        3.69500003301073     
   14.7800001320429        12.9325001155376        5.54250004951609     
   16.6275001485483        11.0850000990322        5.54250004951609     
   14.7800001320429        11.0850000990322        7.39000006602146     
   16.6275001485483        12.9325001155376        7.39000006602146     
   14.7800001320429        12.9325001155376        9.23750008252682     
   16.6275001485483        11.0850000990322        9.23750008252682     
   14.7800001320429        11.0850000990322        11.0850000990322     
   16.6275001485483        12.9325001155376        11.0850000990322     
   14.7800001320429        12.9325001155376        12.9325001155376     
   16.6275001485483        11.0850000990322        12.9325001155376     
   14.7800001320429        11.0850000990322        14.7800001320429     
   16.6275001485483        12.9325001155376        14.7800001320429     
   14.7800001320429        12.9325001155376        16.6275001485483     
   16.6275001485483        11.0850000990322        16.6275001485483     
   14.7800001320429        14.7800001320429       0.000000000000000E+000
   16.6275001485483        16.6275001485483       0.000000000000000E+000
   14.7800001320429        16.6275001485483        1.84750001650536     
   16.6275001485483        14.7800001320429        1.84750001650536     
   14.7800001320429        14.7800001320429        3.69500003301073     
   16.6275001485483        16.6275001485483        3.69500003301073     
   14.7800001320429        16.6275001485483        5.54250004951609     
   16.6275001485483        14.7800001320429        5.54250004951609     
   14.7800001320429        14.7800001320429        7.39000006602146     
   16.6275001485483        16.6275001485483        7.39000006602146     
   14.7800001320429        16.6275001485483        9.23750008252682     
   16.6275001485483        14.7800001320429        9.23750008252682     
   14.7800001320429        14.7800001320429        11.0850000990322     
   16.6275001485483        16.6275001485483        11.0850000990322     
   14.7800001320429        16.6275001485483        12.9325001155376     
   16.6275001485483        14.7800001320429        12.9325001155376     
   14.7800001320429        14.7800001320429        14.7800001320429     
   16.6275001485483        16.6275001485483        14.7800001320429     
   14.7800001320429        16.6275001485483        16.6275001485483     
   16.6275001485483        14.7800001320429        16.6275001485483     
