   3.00100000004750        32305.1305161402     
   3.00200000009499        32171.4063684969     
   3.00300000014249        32036.7538392626     
   3.00400000018999        31905.7177163474     
   3.00500000023749        31773.7477150275     
   3.00600000028498        31642.3569553195     
   3.00700000033248        31511.5427230666     
   3.00800000037998        31381.3023176857     
   3.00900000042748        31251.6330521452     
   3.01000000047497        31122.5322527950     
   3.01100000052247        30990.8850440036     
   3.01200000056997        30866.0254247790     
   3.01300000061747        30738.6141153247     
   3.01400000066496        30611.7607103407     
   3.01500000071246        30485.4626022054     
   3.01600000075996        30359.7171964011     
   3.01700000080746        30234.5219112228     
   3.01800000085495        30109.8741779353     
   3.01900000090245        29985.7714405749     
   3.02000000094995        29862.2111558330     
   3.02100000099745        29739.1907931552     
   3.02200000104494        29612.3834503138     
   3.02300000109244        29494.7597745172     
   3.02400000113994        29373.3441200705     
   3.02500000118744        29251.0027084280     
   3.02600000123493        29132.1001178332     
   3.02700000128243        29012.2668457374     
   3.02800000132993        28892.9561305119     
   3.02900000137743        28774.1655404675     
   3.03000000142492        28655.8926559676     
   3.03100000147242        28538.1350694306     
   3.03200000151992        28420.8903852022     
   3.03300000156742        28301.2251240041     
   3.03400000161491        28187.9302003452     
   3.03500000166241        28072.2099675719     
   3.03600000170991        27956.9931726155     
   3.03700000175741        27842.2774786511     
   3.03800000180490        27728.0605603480     
   3.03900000185240        27614.3401038878     
   3.04000000189990        27501.1138069321     
   3.04100000194740        27388.3793785419     
   3.04200000199489        27276.1345390714     
   3.04300000204239        27164.3770201472     
   3.04400000208989        27050.4107629411     
   3.04500000213739        26942.3149265421     
   3.04600000218488        26832.0058709405     
   3.04700000223238        26720.7825741091     
   3.04800000227988        26612.8206227018     
   3.04900000232738        26503.9400152022     
   3.05000000237487        26395.5311603038     
   3.05100000242237        26287.5918777488     
   3.05200000246987        26180.1199979409     
   3.05300000251736        26073.1133620133     
   3.05400000256486        25966.5698217234     
   3.05500000261236        25859.0299208601     
   3.05600000265986        25754.8634879276     
   3.05700000270735        25649.6964506294     
   3.05800000275485        25542.1598532047     
   3.05900000280235        25440.7241039039     
   3.06000000284985        25336.9146130000     
   3.06100000289734        25233.5534732015     
   3.06200000294484        25130.6386193405     
   3.06300000299234        25028.1679964753     
   3.06400000303984        24926.1395596680     
   3.06500000308733        24824.5512740555     
   3.06600000313483        24723.4011147781     
   3.06700000318233        24622.6870668801     
   3.06800000322983        24522.4071252812     
   3.06900000327732        24418.5127994462     
   3.07000000332482        24323.1415899213     
   3.07100000337232        24224.1520349647     
   3.07200000341982        24125.5886638700     
   3.07300000346731        24027.4495202231     
   3.07400000351481        23929.7326571759     
   3.07500000356231        23832.4361374265     
   3.07600000360981        23735.5580331205     
   3.07700000365730        23637.7049359381     
   3.07800000370480        23543.0494066118     
   3.07900000375230        23447.4150756775     
   3.08000000379980        23349.5160505083     
   3.08100000384729        23257.3769263322     
   3.08200000389479        23162.9693547250     
   3.08300000394229        23068.9669649929     
   3.08400000398979        22975.3679033227     
   3.08500000403728        22882.1703250295     
   3.08600000408478        22789.3723943643     
   3.08700000413228        22696.9722845399     
   3.08800000417978        22603.6005316655     
   3.08900000422727        22513.3582648125     
   3.09000000427477        22422.1407456646     
   3.09100000432227        22328.8524840512     
   3.09200000436977        22240.8757315568     
   3.09300000441726        22150.8246798287     
   3.09400000446476        22061.1589081998     
   3.09500000451226        21971.8766598551     
   3.09600000455976        21882.9761865024     
   3.09700000460725        21794.4557483324     
   3.09800000465475        21706.3136140125     
   3.09900000470225        21617.2205238376     
   3.10000000474975        21531.1573735593     
   3.10100000479724        21444.1398465974     
   3.10200000484474        21354.8967630567     
   3.10300000489224        21271.2174893836     
   3.10400000493973        21185.3092878443     
   3.10500000498723        21098.5009210804     
   3.10600000503473        21014.5904719771     
   3.10700000508223        20929.7765351606     
   3.10800000512972        20845.3240441744     
   3.10900000517722        20761.2313578475     
   3.11000000522472        20677.4968428995     
   3.11100000527222        20594.1188740019     
   3.11200000531971        20511.0958336689     
   3.11300000536721        20425.9847426465     
   3.11400000541471        20346.1081078339     
   3.11500000546221        20264.1402263097     
   3.11600000550970        20182.5208812420     
   3.11700000555720        20101.2484938401     
   3.11800000560470        20020.3214929621     
   3.11900000565220        19939.7383150433     
   3.12000000569969        19859.4974040613     
   3.12100000574719        19779.5972114886     
   3.12200000579469        19700.0361962969     
   3.12300000584219        19620.8128248584     
   3.12400000588968        19539.5207575715     
   3.12500000593718        19463.3729156673     
   3.12600000598468        19385.1533474904     
   3.12700000603218        19306.0753890187     
   3.12800000607967        19229.7074625130     
   3.12900000612717        19152.4781588468     
   3.13000000617467        19075.5759684552     
   3.13100000622217        18998.9994157797     
   3.13200000626966        18922.7470323816     
   3.13300000631716        18846.8173568823     
   3.13400000636466        18771.2089349126     
   3.13500000641216        18692.3784260568     
   3.13600000645965        18620.9500689788     
   3.13700000650715        18546.2967510726     
   3.13800000655465        18471.9589387243     
   3.13900000660215        18397.9352121434     
   3.14000000664964        18324.2241583510     
   3.14100000669714        18250.8243711315     
   3.14200000674464        18177.7344510196     
   3.14300000679214        18104.9530052468     
   3.14400000683963        18032.4786477122     
   3.14500000688713        17960.3099989589     
   3.14600000693463        17885.0097952455     
   3.14700000698213        17816.8843429996     
   3.14800000702962        17745.6246097552     
   3.14900000707712        17673.5076158829     
   3.15000000712462        17604.0045664555     
   3.15100000717212        17533.6415692999     
   3.15200000721961        17463.5748077604     
   3.15300000726711        17393.8029542794     
   3.15400000731461        17324.3246876237     
   3.15500000736210        17255.1386928995     
   3.15600000740960        17186.2436614488     
   3.15700000745710        17114.1998497087     
   3.15800000750460        17049.3212850390     
   3.15900000755209        16981.2913538770     
   3.16000000759959        16912.3548003466     
   3.16100000764709        16846.0875863665     
   3.16200000769459        16778.9112006148     
   3.16300000774208        16712.0167907256     
   3.16400000778958        16645.4030971348     
   3.16500000783708        16579.0688662547     
   3.16600000788458        16513.0128504872     
   3.16700000793207        16447.2338081537     
   3.16800000797957        16380.6842332518     
   3.16900000802707        16316.5017065632     
   3.17000000807457        16251.5461933559     
   3.17100000812206        16184.7128738484     
   3.17200000816956        16122.4501508977     
   3.17300000821706        16058.3072024982     
   3.17400000826456        15994.4326994470     
   3.17500000831205        15930.8254464874     
   3.17600000835955        15867.4842539982     
   3.17700000840705        15804.4079380227     
   3.17800000845455        15741.5953202384     
   3.17900000850204        15677.8960462128     
   3.18000000854954        15616.7564936717     
   3.18100000859704        15554.7279560209     
   3.18200000864454        15490.7368604994     
   3.18300000869203        15431.4468510588     
   3.18400000873953        15370.1919877756     
   3.18500000878703        15309.1927290374     
   3.18600000883453        15248.4479403855     
   3.18700000888202        15187.9564927219     
   3.18800000892952        15127.7172623237     
   3.18900000897702        15067.7291307065     
   3.19000000902452        15007.9909847531     
   3.19100000907201        14948.5017165348     
   3.19200000911951        14889.2602233795     
   3.19300000916701        14828.2005960774     
   3.19400000921451        14771.5161775571     
   3.19500000926200        14713.0114454717     
   3.19600000930950        14654.7501295313     
   3.19700000935700        14596.7311528252     
   3.19800000940450        14538.9534435124     
   3.19900000945199        14481.4159347935     
   3.20000000949949        14424.1175649192     
   3.20100000954699        14364.9527507691     
   3.20200000959449        14310.2340195581     
   3.20300000964198        14253.6467454446     
   3.20400000968948        14195.1640300247     
   3.20500000973698        14141.1759846885     
   3.20600000978447        14085.2904288770     
   3.20700000983197        14028.5906509263     
   3.20800000987947        13974.2138298799     
   3.20900000992697        13919.0207465601     
   3.21000000997446        13864.0564552282     
   3.21100001002196        13809.3199477616     
   3.21200001006946        13753.8331691849     
   3.21300001011696        13700.5262754914     
   3.21400001016445        13646.4671179873     
   3.21500001021195        13590.6100941623     
   3.21600001025945        13539.0192133917     
   3.21700001030695        13485.6285014819     
   3.21800001035444        13431.5170127408     
   3.21900001040194        13379.5086808528     
   3.22000001044944        13326.7776347810     
   3.22100001049694        13274.2645475370     
   3.22200001054443        13221.9684617245     
   3.22300001059193        13169.8884244578     
   3.22400001063943        13118.0234872757     
   3.22500001068693        13066.3727061763     
   3.22600001073442        13011.9133227223     
   3.22700001078192        12963.7098582049     
   3.22800001082942        12912.6959252761     
   3.22900001087692        12859.9043637884     
   3.23000001092441        12811.2984090237     
   3.23100001097191        12760.9129856483     
   3.23200001101941        12710.7352325672     
   3.23300001106691        12660.7642404391     
   3.23400001111440        12610.9991041842     
   3.23500001116190        12561.4389229259     
   3.23600001120940        12512.0827999895     
   3.23700001125690        12460.9835175639     
   3.23800001130439        12413.9791632369     
   3.23900001135189        12365.2298768747     
   3.24000001139939        12315.7252793827     
   3.24100001144689        12268.3319676931     
   3.24200001149438        12220.1815969425     
   3.24300001154188        12172.2291235736     
   3.24400001158938        12124.4736837514     
   3.24500001163688        12076.9144176576     
   3.24600001168437        12029.5504694580     
   3.24700001173187        11982.3809872973     
   3.24800001177937        11933.5113186703     
   3.24900001182687        11888.6220334353     
   3.25000001187436        11842.0308777180     
   3.25100001192186        11793.7229994486     
   3.25200001196936        11749.4210279425     
   3.25300001201686        11703.4006731896     
   3.25400001206435        11657.5689311489     
   3.25500001211185        11611.9249810529     
   3.25600001215935        11566.4680059503     
   3.25700001220684        11521.1971926762     
   3.25800001225434        11476.1117318100     
   3.25900001230184        11429.3430927303     
   3.26000001234934        11386.4936484052     
   3.26100001239683        11341.9594256949     
   3.26200001244433        11295.6586361565     
   3.26300001249183        11253.4366455736     
   3.26400001253933        11209.4465100859     
   3.26500001258682        11164.7140024131     
   3.26600001263432        11122.0048303767     
   3.26700001268182        11078.5517298437     
   3.26800001272932        11035.2760906418     
   3.26900001277681        10992.1771435697     
   3.27000001282431        10947.3788555705     
   3.27100001287181        10906.5062666908     
   3.27200001291931        10863.9328161553     
   3.27300001296680        10819.7193588660     
   3.27400001301430        10779.3061152906     
   3.27500001306180        10737.2513651459     
   3.27600001310930        10695.3680210823     
   3.27700001315679        10653.6553417825     
   3.27800001320429        10612.1125893694     
   3.27900001325179        10570.7390293430     
   3.28000001329929        10529.5339305809     
   3.28100001334678        10486.7318906097     
   3.28200001339428        10447.6262092011     
   3.28300001344178        10406.9221410786     
   3.28400001348928        10363.6668517399     
   3.28500001353677        10326.0100011345     
   3.28600001358427        10285.8005036443     
   3.28700001363177        10245.7544428135     
   3.28800001367927        10205.8711139672     
   3.28900001372676        10166.1498156655     
   3.29000001377426        10126.5898496628     
   3.29100001382176        10087.1905209475     
   3.29200001386926        10046.1640350351     
   3.29300001391675        10008.8710111498     
   3.29400001396425        9969.94945587447     
   3.29500001401175        9929.48464018584     
   3.29600001405925        9892.57933267944     
   3.29700001410674        9854.12940934952     
   3.29800001415424        9815.83534643927     
   3.29900001420174        9777.69647396648     
   3.30000001424924        9739.71212502020     
   3.30100001429673        9701.88163574207     
   3.30200001434423        9664.20434530171     
   3.30300001439173        9625.01409789118     
   3.30400001443923        9589.30673272126     
   3.30500001448672        9552.08510395700     
   3.30600001453422        9513.23323863911     
   3.30700001458172        9478.09295727488     
   3.30800001462922        9441.32115054831     
   3.30900001467671        9403.82204166385     
   3.31000001472421        9368.22287032352     
   3.31100001477171        9331.89512556951     
   3.31200001481920        9295.71413503749     
   3.31300001486670        9259.67927032097     
   3.31400001491420        9221.17058334782     
   3.31500001496170        9188.04541898457     
   3.31600001500919        9152.44518980133     
   3.31700001505669        9115.29349773596     
   3.31800001510419        9081.67503916722     
   3.31900001515169        9046.50389202953     
   3.32000001519918        9011.47455120360     
   3.32100001524668        8976.58641078476     
   3.32200001529418        8941.83886763267     
   3.32300001534168        8907.23132133892     
   3.32400001538917        8872.76317422975     
   3.32500001543667        8837.59561384626     
   3.32600001548417        8804.24270039847     
   3.32700001553167        8770.18919184219     
   3.32800001557916        8734.59287841493     
   3.32900001562666        8702.49269689048     
   3.33000001567416        8668.84854467575     
   3.33100001572166        8635.33968313954     
   3.33200001576915        8601.96553595980     
   3.33300001581665        8568.72552940933     
   3.33400001586415        8535.61909235980     
   3.33500001591165        8502.64565627707     
   3.33600001595914        8468.97446642426     
   3.33700001600664        8437.09552570063     
   3.33800001605414        8404.51770695457     
   3.33900001610164        8371.26940911600     
   3.34000001614913        8339.75377090829     
   3.34100001619663        8307.56654453670     
   3.34200001624413        8274.74543092845     
   3.34300001629163        8243.57882115243     
   3.34400001633912        8211.77723002734     
   3.34500001638662        8180.10309397812     
   3.34600001643412        8148.55587210273     
   3.34700001648162        8117.13502594215     
   3.34800001652911        8085.84001945619     
   3.34900001657661        8054.67031902813     
   3.35000001662411        8022.86085078252     
   3.35100001667161        7992.70471387905     
   3.35200001671910        7961.90775390836     
   3.35300001676660        7928.75349445133     
   3.35400001681410        7900.68289883296     
   3.35500001686160        7870.25396266753     
   3.35600001690909        7839.94666394194     
   3.35700001695659        7809.76048797246     
   3.35800001700409        7778.96466718864     
   3.35900001705159        7749.74945706161     
   3.36000001709908        7719.92358426993     
   3.36100001714658        7689.44267574861     
   3.36200001719408        7660.62859650683     
   3.36300001724157        7631.15847733413     
   3.36400001728907        7601.02373402615     
   3.36500001733657        7572.57049480589     
   3.36600001738407        7543.45164072645     
   3.36700001743156        7514.44888797183     
   3.36800001747906        7485.56174672144     
   3.36900001752656        7456.78972934550     
   3.37000001757406        7428.13235040057     
   3.37100001762155        7399.58912660719     
   3.37200001766905        7370.39500144498     
   3.37300001771655        7342.84322222967     
   3.37400001776405        7314.63958588618     
   3.37500001781154        7285.02981850562     
   3.37600001785904        7258.56857152933     
   3.37700001790654        7230.70025053332     
   3.37800001795404        7202.94276185462     
   3.37900001800153        7175.29563925328     
   3.38000001804903        7147.75841858267     
   3.38100001809653        7120.33063776235     
   3.38200001814403        7093.01183678349     
   3.38300001819152        7064.27911916066     
   3.38400001823902        7038.69934456555     
   3.38500001828652        7011.70474352942     
   3.38600001833402        6984.07480934373     
   3.38700001838151        6958.03657235006     
   3.38800001842901        6931.36210453175     
   3.38900001847651        6904.79345345949     
   3.39000001852401        6878.33017527838     
   3.39100001857150        6851.97182812251     
   3.39200001861900        6825.71797209873     
   3.39300001866650        6799.56816925935     
   3.39400001871400        6772.80284503131     
   3.39500001876149        6747.57898112466     
   3.39600001880899        6721.73872966256     
   3.39700001885649        6694.61236480779     
   3.39800001890399        6670.36476096903     
   3.39900001895148        6644.83018907426     
   3.40000001899898        6619.39665887365     
   3.40100001904648        6594.06374777464     
   3.40200001909398        6568.83103505795     
   3.40300001914147        6543.69810187386     
   3.40400001918897        6518.66453123274     
   3.40500001923647        6492.34135226137     
   3.40600001928397        6468.89381886586     
   3.40700001933146        6444.15585238304     
   3.40800001937896        6418.80094838698     
   3.40900001942646        6394.97265062300     
   3.41000001947396        6370.52660151283     
   3.41100001952145        6346.17704736271     
   3.41200001956895        6321.92358575234     
   3.41300001961645        6297.76581604254     
   3.41400001966394        6273.70333936149     
   3.41500001971144        6249.73575861244     
   3.41600001975894        6225.17060120094     
   3.41700001980644        6202.08370528804     
   3.41800001985393        6178.39844726589     
   3.41900001990143        6153.37556125833     
   3.42000001994893        6131.30751788816     
   3.42100001999643        6107.90107146273     
   3.42200002004392        6084.58679001466     
   3.42300002009142        6061.36429027271     
   3.42400002013892        6038.23319066004     
   3.42500002018642        6015.19311128674     
   3.42600002023391        5992.24367393409     
   3.42700002028141        5968.69788620797     
   3.42800002032891        5946.61522076745     
   3.42900002037641        5923.93545682881     
   3.43000002042390        5900.68485079486     
   3.43100002047140        5878.84299630678     
   3.43200002051890        5856.42956145308     
   3.43300002056640        5834.10416739820     
   3.43400002061389        5811.86644906255     
   3.43500002066139        5789.71604296869     
   3.43600002070889        5767.65258724539     
   3.43700002075639        5745.67572160319     
   3.43800002080388        5723.13248828266     
   3.43900002085138        5701.98032736319     
   3.44000002089888        5680.26108609479     
   3.44100002094638        5657.23914389202     
   3.44200002099387        5637.07774531090     
   3.44300002104137        5615.61294248178     
   3.44400002108887        5594.23225172319     
   3.44500002113637        5572.93532522509     
   3.44600002118386        5551.72181671011     
   3.44700002123136        5530.59138141509     
   3.44800002127886        5509.54367608296     
   3.44900002132636        5487.89997800281     
   3.45000002137385        5467.69508984937     
   3.45100002142135        5446.89352994285     
   3.45200002146885        5425.53347654368     
   3.45300002151635        5405.53419019802     
   3.45400002156384        5384.97574024402     
   3.45500002161134        5363.82862151567     
   3.45600002165884        5344.09961588862     
   3.45700002170634        5323.78128013031     
   3.45800002175383        5303.54232349813     
   3.45900002180133        5283.38241892070     
   3.46000002184883        5263.30124075687     
   3.46100002189633        5243.29846479284     
   3.46200002194382        5223.37376823326     
   3.46300002199132        5202.87409004214     
   3.46400002203882        5183.75732916144     
   3.46500002208631        5164.06494807900     
   3.46600002213381        5143.80739876188     
   3.46700002218131        5124.91027684238     
   3.46800002222881        5105.44735643825     
   3.46900002227630        5086.06029497310     
   3.47000002232380        5066.74878074522     
   3.47100002237130        5046.85908401145     
   3.47200002241880        5028.35115401014     
   3.47300002246629        5009.26442488052     
   3.47400002251379        4989.62580615469     
   3.47500002256129        4971.31360359307     
   3.47600002260879        4952.44890283457     
   3.47700002265628        4933.04730895125     
   3.47800002270378        4914.93940950632     
   3.47900002275128        4896.29401624687     
   3.48000002279878        4877.72112697509     
   3.48100002284627        4859.22044460084     
   3.48200002289377        4840.79167332588     
   3.48300002294127        4822.43451863865     
   3.48400002298877        4804.14868731128     
   3.48500002303626        4785.33609448739     
   3.48600002308376        4767.78982814940     
   3.48700002313126        4749.71622019994     
   3.48800002317876        4730.46054324633     
   3.48900002322625        4713.77920668430     
   3.49000002327375        4695.91522852114     
   3.49100002332125        4678.12055642158     
   3.49200002336875        4660.39490717905     
   3.49300002341624        4642.15260320546     
   3.49400002346374        4625.14955057722     
   3.49500002351124        4607.62928291957     
   3.49600002355874        4589.55595737852     
   3.49700002360623        4572.79217724043     
   3.49800002365373        4555.47478616651     
   3.49900002370123        4537.06185171454     
   3.50000002374873        4521.04095389119     
   3.50100002379622        4503.92396678858     
   3.50200002384372        4486.87323707413     
   3.50300002389122        4469.88849473566     
   3.50400002393872        4452.96947093407     
   3.50500002398621        4436.11589798921     
   3.50600002403371        4419.32750937059     
   3.50700002408121        4402.01206366192     
   3.50800002412871        4385.94522477272     
   3.50900002417620        4369.35080147565     
   3.51000002422370        4350.92173919921     
   3.51100002427120        4336.35408311977     
   3.51200002431870        4319.95126753554     
   3.51300002436619        4303.61180254054     
   3.51400002441369        4287.33543066601     
   3.51500002446119        4271.12189555891     
   3.51600002450868        4254.97094196969     
   3.51700002455618        4238.88231574668     
   3.51800002460368        4222.27417925927     
   3.51900002465118        4206.89103426400     
   3.52000002469867        4190.98787615047     
   3.52100002474617        4173.95234596684     
   3.52200002479367        4159.36527616544     
   3.52300002484117        4143.64533790191     
   3.52400002488866        4127.98597830958     
   3.52500002493616        4112.38695185433     
   3.52600002498366        4096.84801405349     
   3.52700002503116        4081.36892147700     
   3.52800002507865        4065.94943174202     
   3.52900002512615        4050.00979962035     
   3.53000002517365        4035.28829645041     
   3.53100002522115        4020.04617131012     
   3.53200002526864        4003.75500658778     
   3.53300002531614        3989.73761477768     
   3.53400002536364        3974.67070994463     
   3.53500002541114        3959.66174012736     
   3.53600002545863        3944.71047114244     
   3.53700002550613        3929.81666979336     
   3.53800002555363        3914.98010389514     
   3.53900002560113        3900.20054225102     
   3.54000002564862        3884.34772292417     
   3.54100002569612        3870.81151188874     
   3.54200002574362        3856.20158571001     
   3.54300002579112        3841.07931377064     
   3.54400002583861        3827.14977503470     
   3.54500002588611        3812.70743892635     
   3.54600002593361        3798.32051616533     
   3.54700002598111        3783.98878335171     
   3.54800002602860        3769.71201803342     
   3.54900002607610        3755.48999871850     
   3.55000002612360        3741.32250485023     
   3.55100002617110        3726.64707615204     
   3.55200002621859        3713.15021595098     
   3.55300002626609        3699.14498450680     
   3.55400002631359        3684.65263932525     
   3.55500002636109        3671.29526356210     
   3.55600002640858        3657.45034320768     
   3.55700002645608        3643.65843055929     
   3.55800002650358        3629.91931247606     
   3.55900002655108        3615.69177138547     
   3.56000002659857        3602.59861198825     
   3.56100002664607        3589.01660782677     
   3.56200002669357        3574.91168270547     
   3.56300002674107        3562.00824400911     
   3.56400002678856        3548.58146796086     
   3.56500002683606        3534.66785583970     
   3.56600002688356        3521.88169323027     
   3.56700002693105        3508.60828344196     
   3.56800002697855        3494.84277219869     
   3.56900002702605        3482.21339781716     
   3.57000002707355        3469.09151609178     
   3.57100002712104        3455.50640439033     
   3.57200002716854        3442.99786655804     
   3.57300002721604        3430.02569801356     
   3.57400002726354        3417.10303454015     
   3.57500002731103        3404.22967789053     
   3.57600002735853        3390.27728207296     
   3.57700002740603        3378.63009626282     
   3.57800002745353        3365.90347897645     
   3.57900002750102        3352.16876338709     
   3.58000002754852        3340.59561690428     
   3.58100002759602        3328.01398477398     
   3.58200002764352        3315.48029505170     
   3.58300002769101        3302.99435611060     
   3.58400002773851        3290.01028562739     
   3.58500002778601        3278.16496810666     
   3.58600002783351        3265.82113982537     
   3.58700002788100        3253.00667738210     
   3.58800002792850        3241.27427267871     
   3.58900002797600        3228.56226865608     
   3.59000002802350        3216.38703348414     
   3.59100002807099        3204.80314322590     
   3.59200002811849        3192.73847065733     
   3.59300002816599        3180.71967659734     
   3.59400002821349        3168.74657814289     
   3.59500002826098        3156.81899315970     
   3.59600002830848        3144.93674028483     
   3.59700002835598        3133.09963891741     
   3.59800002840348        3120.27421687685     
   3.59900002845097        3109.56017212233     
   3.60000002849847        3097.85744928916     
   3.60100002854597        3085.71064995096     
   3.60200002859347        3074.58513688438     
   3.60300002864096        3063.01519440813     
   3.60400002868846        3051.48916038248     
   3.60500002873596        3040.00686020908     
   3.60600002878346        3028.08764348841     
   3.60700002883095        3017.17276668246     
   3.60800002887845        3005.82062779236     
   3.60900002892595        2994.02383414214     
   3.61000002897345        2983.24530734502     
   3.61100002902094        2972.02178458881     
   3.61200002906844        2960.33629670602     
   3.61300002911594        2949.70216637976     
   3.61400002916344        2938.60573401254     
   3.61500002921093        2927.55132936765     
   3.61600002925843        2916.53878575400     
   3.61700002930593        2905.56793717248     
   3.61800002935342        2894.63861832448     
   3.61900002940092        2883.75066460434     
   3.62000002944842        2872.40478571774     
   3.62100002949592        2862.09819757286     
   3.62200002954341        2851.33335848679     
   3.62300002959091        2839.59547105846     
   3.62400002963841        2829.92565986037     
   3.62500002968591        2819.28247862464     
   3.62600002973340        2808.67952943129     
   3.62700002978090        2798.11665311280     
   3.62800002982840        2787.05786923873     
   3.62900002987590        2777.11048575028     
   3.63000002992339        2766.66687968879     
   3.63100002997089        2755.77363169044     
   3.63200003001839        2745.89784019252     
   3.63300003006589        2735.57209567435     
   3.63400003011338        2724.81387768422     
   3.63500003016088        2715.03738425682     
   3.63600003020838        2704.82811015871     
   3.63700003025588        2694.18171522808     
   3.63800003030337        2684.52496198589     
   3.63900003035087        2674.43078454373     
   3.64000003039837        2664.37467033805     
   3.64100003044587        2654.35646926525     
   3.64200003049336        2643.90855350814     
   3.64300003054086        2634.43320921007     
   3.64400003058836        2624.52785313721     
   3.64500003063586        2613.73869062652     
   3.64600003068335        2604.82895079631     
   3.64700003073085        2595.03511113321     
   3.64800003077835        2585.27815122887     
   3.64900003082585        2575.55792590935     
   3.65000003087334        2565.87429060205     
   3.65100003092084        2556.22710133712     
   3.65200003096834        2546.61621474604     
   3.65300003101584        2536.57192381370     
   3.65400003106333        2527.50277907544     
   3.65500003111083        2517.99994622732     
   3.65600003115833        2508.08544855804     
   3.65700003120583        2499.10134549698     
   3.65800003125332        2489.70529736627     
   3.65900003130082        2480.34456486349     
   3.66000003134832        2471.01900931687     
   3.66100003139582        2461.72849262632     
   3.66200003144331        2452.47287727077     
   3.66300003149081        2443.25202629179     
   3.66400003153831        2433.61699321399     
   3.66500003158581        2424.91407249339     
   3.66600003163330        2415.79669859472     
   3.66700003168080        2404.23869697948     
   3.66800003172830        2397.66448331349     
   3.66900003177579        2388.64937420889     
   3.67000003182329        2379.66808657340     
   3.67100003187079        2370.72048792282     
   3.67200003191829        2361.80644633084     
   3.67300003196578        2352.92583041150     
   3.67400003201328        2344.07850932371     
   3.67500003206078        2335.26435276785     
   3.67600003210828        2326.48323098365     
   3.67700003215577        2317.73501474536     
   3.67800003220327        2308.55953667736     
   3.67900003225077        2300.33678467880     
   3.68000003229827        2291.68651506272     
   3.68100003234576        2282.62990995905     
   3.68200003239326        2274.48303115452     
   3.68300003244076        2265.92956423081     
   3.68400003248826        2257.40811310665     
   3.68500003253575        2248.91855276733     
   3.68600003258325        2240.46075871287     
   3.68700003263075        2232.03460695293     
   3.68800003267825        2223.63997401526     
   3.68900003272574        2214.38231025564     
   3.69000003277324        2206.94477323971     
   3.69100003282074        2198.64396098609     
   3.69200003286824        2189.93341389859     
   3.69300003291573        2182.13530548289     
   3.69400003296323        2173.92722082205     
